0 106.804
1 105.475
2 107.86
3 96.1464
4 94.8135
5 98.6229
6 96.1886
7 107.756
8 101.246
9 91.1848
10 88.5007
11 90.7422
12 90.955
13 90.2421
14 107.451
15 97.5575
16 99.3794
17 99.7064
18 96.6567
19 92.466
20 96.9822
21 94.2845
22 91.7797
23 102.102
24 87.1785
25 96.1397
26 89.3014
27 103.1
28 86.4181
29 94.1289
30 89.5816
31 102.702
32 89.8344
33 91.8492
34 94.4406
35 94.6678
36 92.6352
37 102.346
38 89.2646
39 96.2278
40 97.0359
41 91.9321
42 99.5663
43 87.4149
44 89.6968
45 101.674
46 95.5466
47 91.0486
48 90.0839
49 95.6582
50 91.4831
51 100.699
52 84.5083
53 94.239
54 93.6724
55 96.8646
56 89.9501
57 84.6259
58 91.8708
59 84.0017
60 82.5414
61 90.2562
62 99.9126
63 93.7776
64 94.956
65 85.7167
66 91.3969
67 82.6295
68 81.9667
69 82.6155
70 80.7013
71 80.1393
72 82.4918
73 94.8033
74 91.8592
75 91.3985
76 80.3613
77 88.779
78 79.6569
79 87.3721
80 89.4957
81 78.9546
82 97.8031
83 95.4905
84 97.5364
85 94.8811
86 77.4442
87 89.1303
88 80.4075
89 95.2985
90 84.1139
91 88.4154
92 90.4702
93 87.235
94 82.602
95 87.9536
96 91.2693
97 76.9212
98 92.778
99 93.48
100 95.5053
101 93.8869
102 89.0609
103 78.9071
104 93.312
105 88.4333
106 87.9356
107 89.2661
108 81.7376
109 76.5545
110 79.4545
111 85.1058
112 80.4045
113 89.1014
114 84.0588
115 93.4294
116 81.1847
117 83.0634
118 81.1882
119 90.8711
120 87.6335
121 83.6812
122 88.2035
123 86.3182
124 82.0821
125 87.2027
126 80.5885
127 85.7513
128 88.1075
129 88.2262
130 91.761
131 86.3312
132 83.8442
133 78.3327
134 86.7735
135 75.2054
136 84.4433
137 86.171
138 88.2863
139 79.2956
140 92.3226
141 89.1164
142 76.2666
143 91.61
144 87.6701
145 74.7317
146 79.9223
147 91.0442
148 89.3597
149 87.9335
150 77.9458
151 90.1332
152 81.8443
153 75.0783
154 89.0572
155 80.982
156 81.5721
157 75.2055
158 86.0932
159 83.5503
160 88.1973
161 74.9461
162 81.3003
163 74.0432
164 77.7238
165 89.3473
166 87.8648
167 81.001
168 78.918
169 83.1617
170 73.9619
171 73.0482
172 78.1178
173 77.4288
174 79.3035
175 82.3849
176 83.8457
177 80.3771
178 88.2478
179 80.9005
180 81.6572
181 87.0652
182 75.314
183 84.9764
184 90.0484
185 88.2657
186 78.4938
187 85.9079
188 76.0807
189 87.4833
190 71.1219
191 89.8347
192 74.2904
193 87.3443
194 72.0004
195 76.0136
196 86.1301
197 70.9487
198 79.0438
199 83.7027
200 72.2156
201 81.3788
202 81.6804
203 75.8392
204 79.2598
205 81.8979
206 82.0576
207 74.3285
208 71.0342
209 88.0844
210 79.2227
211 86.1021
212 76.6898
213 76.4108
214 82.6891
215 74.6366
216 81.9881
217 75.614
218 73.394
219 71.6115
220 85.0459
221 73.3921
222 75.6831
223 73.9754
224 79.9984
225 80.4361
226 76.9196
227 75.4111
228 74.5001
229 80.3263
230 82.9891
231 83.2162
232 82.1674
233 79.8998
234 81.601
235 79.5943
236 76.4597
237 85.2476
238 72.2608
239 70.4686
240 72.9443
241 83.1932
242 69.2054
243 75.2839
244 82.2832
245 72.7963
246 82.5177
247 82.2354
248 86.8686
249 72.3107
250 85.7473
251 87.2526
252 77.0617
253 86.5528
254 83.9581
255 73.8476
256 80.2228
257 79.0939
258 88.0044
259 85.5264
260 82.417
261 88.0294
262 86.8515
263 82.1914
264 85.0383
265 74.9095
266 79.2277
267 85.9378
268 87.7617
269 78.9009
270 83.0335
271 82.4257
272 83.9316
273 87.2295
274 90.9149
275 77.7883
276 87.2673
277 95.1557
278 93.744
279 86.3343
280 91.2246
281 89.8462
282 104.579
283 108.761
284 111.043
285 107.421
286 124.139
287 121.128
288 134.843
289 142.69
290 142.435
291 158.385
292 162.808
293 156.704
294 159.219
295 178.123
296 180.485
297 169.439
298 183.548
299 187.38
300 184.982
301 175.966
302 179.249
303 178.342
304 172.538
305 172.429
306 159.32
307 167.656
308 152.657
309 152.666
310 147.644
311 129.603
312 134.05
313 117.638
314 112.133
315 118.948
316 119.957
317 101.33
318 103.665
319 103.128
320 90.2854
321 102.038
322 99.9624
323 89.4117
324 97.0639
325 93.9635
326 89.7943
327 78.0945
328 76.9399
329 85.4658
330 74.9609
331 90.9649
332 74.9359
333 80.726
334 89.6246
335 83.4848
336 78.9937
337 79.7989
338 75.9201
339 82.3511
340 71.7246
341 87.3207
342 78.1901
343 71.8011
344 75.1361
345 85.1452
346 88.9709
347 78.0498
348 86.5915
349 85.2701
350 89.4186
351 86.424
352 87.6019
353 83.2773
354 73.525
355 76.4202
356 83.3611
357 89.4117
358 72.7832
359 81.0863
360 83.4882
361 83.4827
362 88.1453
363 82.4084
364 86.5098
365 77.2494
366 82.7739
367 90.6854
368 76.2143
369 80.1649
370 85.7887
371 81.1032
372 86.3461
373 76.6191
374 77.5374
375 72.7454
376 89.5171
377 78.9457
378 83.1002
379 77.6156
380 74.124
381 90.5038
382 83.3767
383 91.9838
384 79.7328
385 73.7811
386 73.0537
387 78.8595
388 89.4546
389 82.4511
390 76.9717
391 91.6701
392 74.9415
393 87.5313
394 75.2125
395 90.7561
396 82.9772
397 89.0602
398 85.1343
399 88.4888
400 75.5947
401 92.648
402 79.27
403 90.0199
404 88.8129
405 77.3976
406 89.2024
407 93.6611
408 80.9237
409 83.2773
410 87.2819
411 86.2657
412 75.9358
413 77.1045
414 76.7095
415 86.1245
416 87.8974
417 80.8333
418 90.0062
419 75.4633
420 82.74
421 83.8632
422 81.0315
423 75.0317
424 77.5041
425 76.7202
426 90.8121
427 93.355
428 76.4612
429 85.8066
430 93.88
431 83.1403
432 88.2063
433 86.2844
434 92.0027
435 94.0434
436 91.4556
437 83.3669
438 91.947
439 90.792
440 92.8908
441 90.2529
442 86.3461
443 86.1306
444 89.5787
445 91.3202
446 79.0408
447 80.2384
448 93.2658
449 80.1206
450 82.7598
451 94.3287
452 86.2157
453 80.6749
454 89.8936
455 81.2396
456 92.431
457 79.7647
458 88.2032
459 94.5121
460 90.5846
461 93.8167
462 92.6926
463 89.0959
464 92.6242
465 83.0959
466 95.0716
467 81.1125
468 86.4551
469 90.6062
470 84.2316
471 89.931
472 93.9564
473 85.8779
474 85.849
475 90.0189
476 96.1189
477 95.7745
478 87.4249
479 84.1226
480 83.2574
481 84.4215
482 93.4491
483 88.2398
484 95.762
485 84.5104
486 78.7658
487 84.5466
488 91.8437
489 82.4045
490 98.153
491 81.2804
492 83.2286
493 89.8682
494 88.5251
495 97.1174
496 87.4387
497 96.1556
498 92.9313
499 86.4648
500 88.7281
501 93.9877
502 90.5311
503 85.1445
504 93.7007
505 84.623
506 84.3414
507 90.3078
508 86.9536
509 82.032
510 97.7883
511 90.6956
512 83.9355
513 89.1749
514 94.1194
515 88.2457
516 89.1131
517 92.6523
518 82.8911
519 83.955
520 87.0944
521 90.0066
522 95.8549
523 100.192
524 81.4889
525 99.0983
526 81.9968
527 84.9403
528 96.8938
529 82.8605
530 89.6289
531 93.5474
532 92.8389
533 97.6984
534 83.1217
535 91.2598
536 88.9825
537 100.216
538 99.958
539 85.8365
540 100.636
541 98.5414
542 92.3596
543 86.0093
544 94.8553
545 97.339
546 96.8623
547 99.9268
548 93.6012
549 101.761
550 95.4228
551 82.898
552 90.061
553 84.8319
554 98.9263
555 86.6859
556 90.639
557 97.046
558 83.3769
559 86.7364
560 86.2259
561 96.8341
562 88.8966
563 86.5415
564 87.9555
565 92.6079
566 94.5282
567 100.807
568 91.4619
569 87.269
570 88.7874
571 102.249
572 91.3013
573 94.364
574 94.11
575 84.4902
576 96.5764
577 94.646
578 89.1284
579 98.836
580 100.177
581 90.9722
582 97.2827
583 89.4508
584 87.398
585 88.9365
586 100.303
587 85.0646
588 99.7593
589 95.3858
590 89.4582
591 102.961
592 89.7825
593 99.917
594 87.0313
595 104.06
596 98.0904
597 89.6364
598 94.3631
599 91.499
600 103.019
601 104.989
602 98.4948
603 101.631
604 96.019
605 98.4931
606 103.095
607 97.5482
608 104.931
609 97.4937
610 101.759
611 104.547
612 101.798
613 100.271
614 98.1568
615 102.646
616 96.7676
617 88.8981
618 101.929
619 97.5973
620 91.4666
621 87.1874
622 101.149
623 90.8863
624 105.491
625 101.176
626 92.9113
627 89.9209
628 102.574
629 93.3842
630 104.322
631 104.114
632 105.721
633 98.2575
634 105.296
635 87.2017
636 93.4002
637 92.6305
638 100.283
639 101.64
640 92.7616
641 93.7427
642 89.1121
643 100.812
644 94.1413
645 92.5601
646 90.227
647 99.4135
648 89.4062
649 103.177
650 92.9661
651 90.7663
652 103.933
653 99.9436
654 105.806
655 88.7488
656 103.023
657 102.733
658 104.515
659 102.051
660 95.8402
661 95.0913
662 89.1296
663 99.7333
664 89.7691
665 90.7078
666 90.6377
667 106.33
668 101.981
669 95.7807
670 104.736
671 103.123
672 103.678
673 96.4448
674 105.845
675 103.192
676 89.3502
677 103.9
678 108.843
679 92.9813
680 102.424
681 97.1459
682 100.884
683 103.279
684 105.326
685 106.163
686 99.0364
687 93.2099
688 110.472
689 106.183
690 103.372
691 113.169
692 102.77
693 106.255
694 95.6917
695 105.143
696 97.7627
697 105.918
698 100.392
699 116.002
700 102.582
701 109.907
702 105.336
703 117.928
704 126.018
705 124.954
706 125.82
707 133.861
708 126.251
709 130.453
710 128.662
711 128.275
712 144.842
713 150.58
714 147.244
715 152.922
716 148.582
717 168.869
718 160.662
719 161.409
720 179.211
721 180.62
722 184.884
723 189.44
724 185.389
725 198.368
726 214.782
727 213.249
728 226.554
729 222.958
730 220.32
731 224.754
732 230.461
733 244.587
734 251.594
735 257.773
736 260.522
737 271.596
738 275.647
739 265.765
740 276.066
741 275.624
742 296.241
743 280.424
744 286.749
745 294.391
746 300.526
747 300.468
748 300.334
749 292.643
750 304.524
751 299.193
752 308.377
753 293.33
754 298.293
755 295.479
756 298.042
757 284.939
758 285.228
759 288.53
760 287.154
761 265.24
762 276.943
763 263.187
764 265.949
765 256.135
766 246.048
767 249.363
768 235.213
769 244.036
770 225.13
771 230.247
772 213.331
773 221.792
774 207.799
775 201.971
776 210.115
777 206.155
778 204.262
779 184.615
780 195.439
781 181.905
782 189.133
783 181.572
784 192.884
785 190.566
786 192.017
787 182.496
788 191.805
789 194.121
790 198.984
791 192.667
792 194.565
793 199.827
794 203.358
795 214.73
796 220.254
797 203.489
798 217.967
799 209.332
800 210.473
801 211.567
802 205.064
803 212.676
804 202.631
805 199.288
806 183.504
807 188.57
808 185.521
809 168.372
810 161.105
811 152.988
812 162.55
813 151.69
814 141.402
815 131.071
816 141.491
817 136.907
818 122.365
819 113.375
820 111.778
821 108.577
822 114.215
823 111.564
824 113.273
825 106.656
826 112.082
827 96.3674
828 108.809
829 100.257
830 106.869
831 92.7177
832 97.5048
833 91.3352
834 108.403
835 106.648
836 91.4798
837 101.561
838 90.0656
839 94.2639
840 92.5271
841 107.263
842 99.5995
843 107.146
844 87.8215
845 102.332
846 89.3673
847 99.9632
848 107.235
849 94.3425
850 88.071
851 91.8
852 95.6139
853 87.5981
854 91.3771
855 96.0743
856 91.6729
857 98.9519
858 98.7052
859 92.5046
860 87.2319
861 95.7054
862 105.009
863 99.1292
864 103.078
865 104.381
866 91.3005
867 87.8361
868 86.9461
869 90.2441
870 95.1746
871 100.322
872 87.9581
873 96.6235
874 104.073
875 92.0864
876 103.055
877 87.1888
878 102.94
879 99.9822
880 99.6612
881 97.2365
882 100.813
883 98.3477
884 101.182
885 86.9635
886 95.9991
887 84.5031
888 88.0703
889 92.3454
890 92.1961
891 85.6078
892 94.604
893 85.9185
894 101.943
895 86.6172
896 93.549
897 96.0833
898 92.6775
899 86.1087
900 87.2488
901 94.6832
902 85.0676
903 92.1601
904 85.5156
905 90.7337
906 94.642
907 98.9221
908 95.3544
909 93.2648
910 97.4781
911 85.9024
912 91.0022
913 92.924
914 84.2224
915 85.6182
916 100.459
917 83.351
918 88.3998
919 87.8595
920 89.4963
921 81.3941
922 84.9916
923 83.7331
924 95.8003
925 88.5838
926 88.1196
927 95.8468
928 88.3174
929 94.9537
930 80.2649
931 96.7836
932 93.9599
933 79.6541
934 89.3677
935 90.3184
936 80.4739
937 97.6955
938 87.0509
939 81.1647
940 94.1136
941 92.1529
942 80.5969
943 98.0584
944 93.8178
945 78.8476
946 91.3265
947 92.9007
948 94.2137
949 86.4505
950 79.2318
951 81.9703
952 88.3707
953 85.4272
954 81.7198
955 79.27
956 77.7123
957 79.8156
958 81.5514
959 89.7345
960 93.7822
961 92.7356
962 87.8873
963 94.4619
964 82.6533
965 90.5429
966 82.9426
967 87.2555
968 78.25
969 93.2145
970 86.1657
971 83.1085
972 91.6297
973 90.3289
974 89.3621
975 77.5392
976 78.0622
977 78.1001
978 86.1912
979 78.7666
980 84.629
981 82.3256
982 73.8628
983 91.3718
984 75.2003
985 85.4714
986 90.9149
987 79.546
988 86.2667
989 90.9518
990 85.6308
991 74.9349
992 75.3993
993 86.7507
994 83.1828
995 88.5013
996 73.3761
997 74.4189
998 79.9325
999 79.3678
